{"program_id":"WIREFRAME_APPLICATION","bspline_parameters":{"support_points":[{"x":-7.85,"y":8.3},{"x":-10.65,"y":6.7},{"x":-11.1,"y":1.8},{"x":-6.8,"y":1.7},{"x":-2.6,"y":2.75},{"x":-3.15,"y":7.0},{"x":10.6,"y":6.95},{"x":11.35,"y":3.85},{"x":14.75,"y":8.95}],"bspline_points":[{"x":-10.258333333333333,"y":6.1499999999999995},{"x":-10.465330417881438,"y":5.655976676384839},{"x":-10.617371234207969,"y":5.118221574344023},{"x":-10.70745869776482,"y":4.560349854227405},{"x":-10.728595724003887,"y":4.005976676384839},{"x":-10.673785228377065,"y":3.47871720116618},{"x":-10.536030126336248,"y":3.002186588921282},{"x":-10.308333333333334,"y":2.599999999999999},{"x":-10.308333333333332,"y":2.5999999999999996},{"x":-9.987220602526724,"y":2.290063168124392},{"x":-9.583309037900873,"y":2.067444120505345},{"x":-9.110738581146743,"y":1.921501457725947},{"x":-8.583649173955294,"y":1.8415937803692903},{"x":-8.01618075801749,"y":1.8170796890184642},{"x":-7.422473275024294,"y":1.8373177842565593},{"x":-6.8166666666666655,"y":1.8916666666666662},{"x":-6.816666666666666,"y":1.8916666666666666},{"x":-6.212803692905734,"y":1.972254616132167},{"x":-5.624538386783285,"y":2.0822886297376093},{"x":-5.065427599611272,"y":2.2277453838678327},{"x":-4.549028182701652,"y":2.4146015549076774},{"x":-4.088896987366375,"y":2.6488338192419825},{"x":-3.6985908649173953,"y":2.9364188532555877},{"x":-3.3916666666666666,"y":3.283333333333333},{"x":-3.3916666666666666,"y":3.283333333333333},{"x":-3.1701652089407193,"y":3.6909135082604467},{"x":-2.9900631681243928,"y":4.141933916423712},{"x":-2.795821185617104,"y":4.614528668610301},{"x":-2.5318999028182705,"y":5.086831875607386},{"x":-2.1427599611273083,"y":5.536977648202138},{"x":-1.572862001943635,"y":5.94310009718173},{"x":-0.7666666666666666,"y":6.283333333333333},{"x":-0.7666666666666666,"y":6.283333333333332},{"x":0.30884353741496584,"y":6.540063168124392},{"x":1.5965986394557818,"y":6.712682215743439},{"x":3.017006802721088,"y":6.80483479105928},{"x":4.49047619047619,"y":6.820165208940718},{"x":5.9374149659863935,"y":6.762317784256559},{"x":7.278231292517005,"y":6.634936831875606},{"x":8.433333333333334,"y":6.4416666666666655},{"x":8.433333333333334,"y":6.4416666666666655},{"x":9.343999028182703,"y":6.19101068999028},{"x":10.034985422740524,"y":5.910908649173955},{"x":10.551919339164236,"y":5.634159378036928},{"x":10.940427599611272,"y":5.393561710398444},{"x":11.246137026239067,"y":5.221914480077745},{"x":11.514674441205054,"y":5.152016520894071},{"x":11.791666666666668,"y":5.216666666666665}]},"application_parameters":{"number_of_support_points":9,"number_of_bspline_segments":7,"number_of_forming_lines":4,"number_of_circle_smoothing_segments":10,"zoom_parameter":274.0},"rotation_matrix":[[0.4231770467171166,-0.43698861008986245,0.7937015445263365,0.0],[-0.11096739199569214,0.8444130854488532,0.5240732573184798,0.0],[-0.8992260144398803,-0.30985076371449777,0.30884474931604433,0.0],[0.0,0.0,0.0,1.0]]}