{"program_id":"WIREFRAME_APPLICATION","bspline_parameters":{"support_points":[{"x":-9.423076923076923,"y":8.807692307692308},{"x":-10.73076923076923,"y":6.8076923076923075},{"x":-10.307692307692308,"y":1.7307692307692308},{"x":-5.0,"y":1.6923076923076923},{"x":-3.576923076923077,"y":5.538461538461538},{"x":6.076923076923077,"y":5.269230769230769},{"x":7.153846153846154,"y":2.8846153846153846},{"x":11.384615384615385,"y":8.423076923076923}],"bspline_points":[{"x":-10.442307692307693,"y":6.294871794871795},{"x":-10.486301113852136,"y":5.76192345069896},{"x":-10.485777827614564,"y":5.189840771473424},{"x":-10.43154294684907,"y":4.602283770651118},{"x":-10.31440158480975,"y":4.022912461687972},{"x":-10.125158854750694,"y":3.4753868580399194},{"x":-9.854619869925994,"y":2.983366973162892},{"x":-9.493589743589746,"y":2.5705128205128203},{"x":-9.493589743589745,"y":2.5705128205128203},{"x":-9.038667115197729,"y":2.2559804141436794},{"x":-8.509624729012485,"y":2.040909770501607},{"x":-7.932028855498244,"y":1.9219369066307839},{"x":-7.331445765119236,"y":1.8956978395753907},{"x":-6.733441728339688,"y":1.9588285863796067},{"x":-6.163583015623833,"y":2.107965164087613},{"x":-5.647435897435898,"y":2.3397435897435894},{"x":-5.647435897435897,"y":2.3397435897435894},{"x":-5.200418628990057,"y":2.647473275024295},{"x":-4.797357404500261,"y":3.0111572101368016},{"x":-4.402930402930402,"y":3.4074717799207592},{"x":-3.9818158032443742,"y":3.8130933692158178},{"x":-3.49869178440607,"y":4.2046983628616275},{"x":-2.918236525379382,"y":4.558963145697839},{"x":-2.2051282051282044,"y":4.852564102564102},{"x":-2.2051282051282053,"y":4.852564102564102},{"x":-1.338098975854078,"y":5.067036704791806},{"x":-0.352096882709128,"y":5.2033527696793},{"x":0.7038760559168722,"y":5.26734320101667},{"x":1.7808178216341477,"y":5.264838902594004},{"x":2.8297263960529255,"y":5.20167077820139},{"x":3.801599760783434,"y":5.083669731628914},{"x":4.647435897435897,"y":4.916666666666666},{"x":4.647435897435897,"y":4.916666666666667},{"x":5.332099872916199,"y":4.710398445092323},{"x":5.87592509531285,"y":4.490225760633924},{"x":6.313112058010017,"y":4.285415265007102},{"x":6.677861254391866,"y":4.125233609927488},{"x":7.004373177842565,"y":4.038947447110713},{"x":7.326848321746281,"y":4.055823428272408},{"x":7.679487179487179,"y":4.205128205128205}]},"application_parameters":{"number_of_support_points":8,"number_of_bspline_segments":7,"number_of_forming_lines":4,"number_of_circle_smoothing_segments":10,"zoom_parameter":251.0},"rotation_matrix":[[0.4608931980479589,0.8256514290634642,0.3253877343702139,0.0],[0.09537356017689076,-0.41061097878464276,0.9068089700265975,0.0],[0.8823158980843016,-0.38690869954935503,-0.2679931234205771,0.0],[0.0,0.0,0.0,1.0]],"translate_matrix":[[0.4608931980479589,0.8256514290634642,0.3253877343702139,0.0],[0.09537356017689076,-0.41061097878464276,0.9068089700265975,0.0],[0.8823158980843016,-0.38690869954935503,-0.2679931234205771,0.0],[0.0,0.0,0.0,1.0]]}